# r_t 0.010534 / TIM est dans l'intervalle 1020 
# rho=999.96 / r=0.024999 / 2499.9kb / 2.4999Mb
F 0 1 1
Sampling Sratified
xi 0.01
f 0.019925
Ne 10000
mul 1e-08
RecRate 1e-06
MutRate 1e-08
NbTIM 1
Coord  3.9e-05 4.2e-05 4.4e-05 5.5e-05 7.7e-05 7.9e-05 8.5e-05 9.1e-05 0.000105 0.000123 0.00013 0.000143 0.00015 0.000154 0.000155 0.000159 0.000161 0.000164 0.000169 0.000186 0.000202 0.000209 0.00021 0.000215 0.000234 0.000242 0.000267 0.000291 0.000298 0.0003 0.000305 0.00031 0.000323 0.000331 0.000336 0.000343 0.000344 0.000349 0.00035 0.000351 0.000356 0.000363 0.000372 0.000373 0.000379 0.0004 0.000411 0.000414 0.000421 0.000426 0.000432 0.000433 0.000444 0.000448 0.000458 0.000467 0.000472 0.000496 0.000514 0.000517 0.00053 0.000536 0.000544 0.000553 0.000554 0.000567 0.000568 0.000576 0.000599 0.000614 0.000616 0.000621 0.000635 0.000637 0.000641 0.000645 0.000651 0.000655 0.000664 0.000672 0.000678 0.000684 0.000697 0.0007 0.000701 0.000715 0.000717 0.000718 0.00073 0.000741 0.000769 0.000776 0.000777 0.000791 0.000795 0.000806 0.000807 0.000809 0.00081 0.000831 0.000843 0.000858 0.000861 0.000863 0.000874 0.000883 0.00089 0.000915 0.000917 0.000918 0.00093 0.000954 0.000957 0.000965 0.000968 0.000969 0.00097 0.000983 0.000988 0.00099 0.000997 0.001014 0.001027 0.001032 0.001043 0.001047 0.001048 0.001049 0.001052 0.001054 0.001064 0.001074 0.001078 0.001083 0.001107 0.001119 0.001123 0.001124 0.001125 0.00113 0.001131 0.001163 0.001179 0.001182 0.001184 0.001186 0.0012 0.001261 0.001262 0.001266 0.001267 0.001275 0.001292 0.001299 0.0013 0.001303 0.001307 0.001325 0.001337 0.001346 0.001347 0.001349 0.001354 0.001364 0.001365 0.001375 0.001388 0.0014 0.001415 0.001417 0.001428 0.001436 0.00146 0.001461 0.001467 0.00147 0.001474 0.001475 0.001489 0.001494 0.001495 0.001506 0.001507 0.001529 0.001577 0.001579 0.001595 0.001596 0.0016 0.001615 0.00162 0.00163 0.001651 0.001659 0.001688 0.001696 0.001697 0.001702 0.001707 0.001713 0.001716 0.001726 0.001739 0.001767 0.001775 0.001777 0.001789 0.00179 0.001791 0.001795 0.001799 0.001822 0.001823 0.001833 0.001848 0.001849 0.001884 0.001904 0.001926 0.001928 0.001959 0.001977 0.001978 0.002024 0.002025 0.002038 0.002056 0.002067 0.002079 0.002088 0.002105 0.002113 0.002119 0.00212 0.002152 0.002187 0.002195 0.002199 0.0022 0.002211 0.002231 0.002256 0.002257 0.002259 0.002272 0.002277 0.002281 0.0023 0.002301 0.00231 0.002313 0.002318 0.002321 0.002343 0.002359 0.002361 0.002368 0.002381 0.002403 0.002404 0.002436 0.002443 0.002456 0.002458 0.002462 0.002463 0.002472 0.002474 0.00251 0.002525 0.002572 0.002578 0.002582 0.002597 0.002617 0.002618 0.00266 0.002661 0.002664 0.002678 0.00268 0.002706 0.002708 0.002714 0.002721 0.002722 0.002729 0.00273 0.002772 0.002797 0.002803 0.002818 0.002819 0.002821 0.002822 0.002846 0.002848 0.002852 0.002871 0.002896 0.002903 0.002907 0.002926 0.002936 0.002947 0.002948 0.002949 0.002964 0.002984 0.002986 0.002994 0.003002 0.003008 0.003016 0.003018 0.003098 0.003133 0.003136 0.003146 0.003151 0.003155 0.003176 0.003177 0.003188 0.003193 0.003214 0.003215 0.003254 0.003261 0.003267 0.003274 0.003278 0.003279 0.003294 0.003296 0.003297 0.003307 0.003313 0.00335 0.003353 0.00336 0.003381 0.003388 0.003394 0.003395 0.003449 0.003454 0.003461 0.003462 0.003466 0.003472 0.003481 0.003495 0.003511 0.003514 0.003528 0.003545 0.003561 0.00357 0.00359 0.003594 0.003619 0.003629 0.003633 0.003636 0.003671 0.003672 0.003679 0.003716 0.003724 0.003746 0.003751 0.003753 0.003766 0.003768 0.003769 0.003777 0.003785 0.003805 0.003814 0.003845 0.003847 0.003848 0.003868 0.003881 0.003883 0.003891 0.003905 0.003919 0.003923 0.003938 0.00394 0.003957 0.003958 0.003962 0.00397 0.003971 0.003973 0.003977 0.003989 0.003995 0.003999 0.004002 0.004006 0.004021 0.004027 0.004039 0.004058 0.00406 0.004088 0.0041 0.004102 0.00411 0.004128 0.00413 0.004137 0.004139 0.004143 0.004144 0.004192 0.004204 0.004212 0.004216 0.004231 0.004232 0.004234 0.004266 0.004286 0.004287 0.004289 0.004292 0.004294 0.004298 0.004302 0.004322 0.004327 0.004332 0.004348 0.004354 0.004364 0.004372 0.004382 0.004397 0.004408 0.004418 0.004428 0.004432 0.004437 0.004438 0.004439 0.004442 0.004443 0.004457 0.004468 0.004478 0.004483 0.004487 0.004491 0.004499 0.004508 0.004516 0.004517 0.004526 0.004528 0.004544 0.004545 0.004547 0.004565 0.004581 0.004583 0.004587 0.004607 0.004617 0.004629 0.00463 0.004642 0.004655 0.004666 0.004669 0.004686 0.004687 0.004708 0.004726 0.004731 0.004745 0.004754 0.004788 0.00479 0.004808 0.004811 0.004822 0.00483 0.004832 0.004836 0.00484 0.004859 0.004888 0.004892 0.004897 0.0049 0.004906 0.004919 0.004922 0.004941 0.004949 0.004963 0.004969 0.004987 0.005009 0.005014 0.005025 0.005044 0.005045 0.005055 0.00508 0.005101 0.005125 0.005152 0.005159 0.005169 0.005184 0.005188 0.005195 0.005199 0.005214 0.005256 0.00527 0.005288 0.00529 0.00532 0.005329 0.005356 0.00536 0.005372 0.005386 0.005391 0.005396 0.005401 0.005404 0.005432 0.005454 0.00547 0.005471 0.005478 0.005482 0.005485 0.005493 0.005496 0.005497 0.005509 0.005525 0.005527 0.005542 0.005574 0.005581 0.005583 0.005595 0.005602 0.005604 0.005611 0.005617 0.005626 0.005633 0.005643 0.005644 0.00565 0.005682 0.005714 0.005716 0.005726 0.00573 0.005743 0.005749 0.005765 0.00578 0.005786 0.005791 0.005796 0.005854 0.005855 0.005868 0.005876 0.005881 0.005902 0.005913 0.005914 0.005926 0.00593 0.005948 0.005956 0.005962 0.00597 0.005984 0.005989 0.005999 0.006005 0.006009 0.006055 0.006061 0.006107 0.006109 0.006114 0.006116 0.006121 0.006151 0.00616 0.006195 0.006205 0.006225 0.006229 0.006244 0.006248 0.006259 0.006263 0.006284 0.006315 0.006352 0.006362 0.006391 0.006416 0.006434 0.006438 0.006439 0.006457 0.006459 0.006511 0.006512 0.006522 0.006523 0.006524 0.006531 0.006532 0.006533 0.006565 0.006574 0.006593 0.0066 0.006649 0.00665 0.006651 0.006652 0.00666 0.006664 0.006668 0.006675 0.006676 0.006689 0.006695 0.006696 0.006712 0.006764 0.006774 0.006781 0.006786 0.006799 0.006815 0.006821 0.006824 0.006826 0.006832 0.006834 0.00686 0.006882 0.006911 0.00694 0.006941 0.00695 0.006952 0.006959 0.006972 0.006973 0.00698 0.006988 0.007039 0.00704 0.007051 0.007065 0.007074 0.00709 0.007091 0.007092 0.00711 0.007114 0.007131 0.007142 0.007145 0.007147 0.007153 0.007166 0.007176 0.007184 0.007208 0.007225 0.007252 0.007265 0.007268 0.007276 0.007278 0.007283 0.007289 0.007307 0.007333 0.007338 0.007361 0.00738 0.007421 0.007423 0.007428 0.007429 0.00743 0.00746 0.007466 0.007467 0.007498 0.007503 0.007516 0.007532 0.007537 0.007572 0.007596 0.007604 0.007607 0.007608 0.007618 0.007622 0.007638 0.007644 0.007654 0.007658 0.007667 0.00767 0.007685 0.007705 0.007713 0.007719 0.00773 0.007746 0.007766 0.007767 0.007787 0.007802 0.007809 0.007823 0.007836 0.007878 0.007892 0.007894 0.007921 0.007922 0.007932 0.007938 0.007939 0.007942 0.007947 0.007974 0.008015 0.008033 0.00804 0.008048 0.008059 0.00806 0.008069 0.008072 0.008077 0.00808 0.008081 0.008098 0.008101 0.008132 0.008141 0.008142 0.008143 0.008153 0.008158 0.008161 0.008179 0.008184 0.008185 0.008187 0.008197 0.008203 0.008213 0.008219 0.008227 0.00823 0.008241 0.008242 0.00825 0.008273 0.008275 0.008296 0.008307 0.008311 0.008325 0.008334 0.008345 0.008354 0.008362 0.008375 0.008379 0.008381 0.008384 0.008387 0.008409 0.008443 0.00846 0.008465 0.008475 0.008478 0.00848 0.008508 0.008515 0.008521 0.00854 0.008561 0.008565 0.008599 0.008605 0.008607 0.00861 0.008611 0.008629 0.008637 0.008641 0.008671 0.008672 0.008677 0.008685 0.0087 0.008714 0.008716 0.008739 0.008747 0.008748 0.008772 0.008789 0.008793 0.008824 0.008825 0.008829 0.008836 0.008841 0.008856 0.008863 0.008875 0.008878 0.008884 0.008885 0.008904 0.008924 0.00893 0.008934 0.008945 0.008946 0.008956 0.008972 0.008981 0.008983 0.008997 0.009005 0.009009 0.009024 0.009046 0.009067 0.009069 0.009072 0.009076 0.009077 0.009081 0.009091 0.009121 0.009122 0.009127 0.009136 0.00914 0.009145 0.009151 0.009173 0.009196 0.009214 0.009219 0.00922 0.009236 0.009241 0.009243 0.009248 0.009249 0.009256 0.009264 0.009266 0.00927 0.009273 0.009279 0.00929 0.009294 0.009296 0.009298 0.009299 0.009304 0.00932 0.009326 0.009332 0.009333 0.009335 0.009343 0.009347 0.009365 0.009371 0.009385 0.009389 0.009391 0.0094 0.00941 0.009411 0.00942 0.009428 0.009461 0.009463 0.00948 0.009493 0.009501 0.009516 0.009526 0.009528 0.009546 0.009547 0.009558 0.009567 0.009574 0.009579 0.009611 0.009643 0.009653 0.009675 0.009687 0.009691 0.009721 0.00976 0.009782 0.009804 0.009805 0.009818 0.009824 0.009844 0.009849 0.009856 0.009863 0.009867 0.009868 0.009874 0.009895 0.009911 0.009925 0.00993 0.009934 0.009953 0.009954 0.009956 0.009977 0.009996 0.010005 0.010027 0.010028 0.010033 0.010034 0.010037 0.010055 0.010056 0.01007 0.01009 0.010099 0.010102 0.010105 0.010124 0.010125 0.010135 0.010139 0.010142 0.010155 0.010198 0.010206 0.010207 0.010215 0.01023 0.010239 0.01024 0.010244 0.010251 0.010252 0.010253 0.010257 0.01028 0.010285 0.010286 0.010297 0.010304 0.010306 0.01031 0.010324 0.01033 0.010333 0.010341 0.010345 0.010349 0.010377 0.010418 0.010422 0.010427 0.010447 0.010468 0.010474 0.010475 0.01048 0.010489 0.010494 0.010501 0.010502 0.010504 0.010512 0.01053 0.01054 0.010546 0.010552 0.010558 0.010571 0.010581 0.010585 0.010586 0.010605 0.010612 0.01063 0.010632 0.010635 0.010668 0.010679 0.010681 0.010682 0.010683 0.010688 0.010694 0.0107 0.010701 0.010706 0.010724 0.010731 0.010736 0.010741 0.010751 0.010753 0.010767 0.010794 0.010795 0.010801 0.010837 0.010838 0.010869 0.010871 0.010875 0.010883 0.010894 0.010897 0.010902 0.010904 0.010908 0.010909 0.010922 0.010931 0.010932 0.010937 0.010943 0.010951 0.010957 0.01096 0.010963 0.01098 0.010984 0.010985 0.010987 0.010996 0.011013 0.011027 0.011037 0.011045 0.011053 0.011058 0.011066 0.011073 0.01108 0.011089 0.011097 0.011098 0.011119 0.01112 0.011129 0.011157 0.01116 0.011164 0.011168 0.011185 0.011197 0.011208 0.011214 0.011215 0.011228 0.011249 0.01125 0.011278 0.011281 0.011282 0.011291 0.011298 0.011318 0.011326 0.011352 0.011353 0.011384 0.011402 0.011404 0.011424 0.011425 0.011427 0.011445 0.011448 0.011453 0.011465 0.011483 0.011527 0.011543 0.01155 0.01156 0.011564 0.011572 0.011582 0.011584 0.011599 0.01161 0.011623 0.011624 0.011631 0.011642 0.011645 0.011655 0.011668 0.011684 0.011689 0.011699 0.011745 0.011755 0.011762 0.011769 0.011786 0.011788 0.011789 0.01179 0.0118 0.011808 0.011819 0.011825 0.011833 0.011846 0.011872 0.011889 0.011906 0.011909 0.011913 0.011926 0.011931 0.011941 0.011944 0.011952 0.011957 0.012007 0.012008 0.012009 0.012012 0.01203 0.012053 0.012054 0.012056 0.012057 0.012063 0.012073 0.012075 0.012076 0.012083 0.012098 0.012112 0.012132 0.01217 0.012183 0.012202 0.012218 0.012223 0.012225 0.012227 0.012253 0.012254 0.012291 0.012299 0.012309 0.012321 0.012326 0.012328 0.012342 0.012363 0.012365 0.012374 0.012377 0.012389 0.012393 0.012394 0.012397 0.012403 0.012413 0.012421 0.012441 0.012462 0.012477 0.012495 0.012498 0.012499 0.012511 0.012514 0.01252 0.012524 0.012525 0.012538 0.012539 0.01254 0.012556 0.012557 0.012563 0.012573 0.012574 0.012577 0.012606 0.012611 0.012615 0.012631 0.012633 0.012636 0.012647 0.012676 0.012677 0.012683 0.012688 0.012731 0.012749 0.012757 0.01276 0.012808 0.012809 0.01281 0.012814 0.012833 0.01285 0.012865 0.012868 0.01288 0.012883 0.012892 0.012894 0.012897 0.012899 0.012902 0.012906 0.012936 0.012953 0.012958 0.012973 0.012975 0.012985 0.01299 0.013004 0.013006 0.013043 0.013048 0.013052 0.013057 0.013058 0.013074 0.013077 0.013081 0.013082 0.013083 0.013129 0.01313 0.013131 0.013132 0.013138 0.013146 0.01318 0.013181 0.013192 0.013203 0.013205 0.013214 0.013228 0.013242 0.013247 0.013248 0.013249 0.013266 0.013269 0.013288 0.013308 0.013332 0.013336 0.013338 0.013341 0.013355 0.013369 0.013387 0.013394 0.013396 0.013397 0.013417 0.013421 0.013429 0.013443 0.013449 0.013453 0.013515 0.013542 0.013549 0.013551 0.013557 0.01357 0.013579 0.013625 0.013628 0.013634 0.013645 0.013663 0.013664 0.013667 0.01367 0.013671 0.013672 0.013673 0.013681 0.013695 0.013702 0.01371 0.013752 0.01378 0.013794 0.013797 0.013811 0.013827 0.013845 0.013855 0.013891 0.013892 0.013902 0.013911 0.013917 0.013922 0.013943 0.013949 0.014015 0.014016 0.014018 0.014029 0.014035 0.014064 0.01407 0.014081 0.014088 0.014093 0.014094 0.014105 0.014107 0.014115 0.014129 0.014131 0.014134 0.014137 0.014138 0.014139 0.014141 0.014144 0.014147 0.014148 0.014159 0.014162 0.014163 0.014165 0.014176 0.014177 0.014192 0.014202 0.014207 0.014209 0.01421 0.014216 0.014225 0.014228 0.014235 0.014236 0.014237 0.014252 0.014261 0.014276 0.014293 0.014302 0.014312 0.014314 0.014316 0.014317 0.014318 0.014322 0.014332 0.014354 0.014355 0.014366 0.014369 0.014376 0.01442 0.014458 0.014484 0.014487 0.014496 0.014498 0.014508 0.014512 0.014513 0.014515 0.014524 0.014558 0.01456 0.014562 0.014577 0.014585 0.014591 0.014596 0.014597 0.014628 0.014637 0.014641 0.014646 0.014661 0.014675 0.01468 0.014682 0.014683 0.014687 0.01469 0.014719 0.014761 0.014779 0.014787 0.014792 0.014803 0.014807 0.014827 0.014832 0.014835 0.014838 0.014847 0.014858 0.014862 0.014865 0.014878 0.01489 0.014898 0.014912 0.014924 0.01494 0.014948 0.014949 0.014955 0.014965 0.014978 0.014993 0.015035 0.015039 0.015052 0.015095 0.015107 0.015108 0.01512 0.015125 0.015131 0.015149 0.015166 0.015168 0.015178 0.015179 0.015192 0.01522 0.015224 0.015225 0.015229 0.015235 0.015248 0.015251 0.01526 0.015269 0.015287 0.015288 0.015302 0.015303 0.015309 0.01532 0.015334 0.015336 0.015355 0.015358 0.015384 0.01539 0.015393 0.015396 0.015403 0.015434 0.015435 0.015436 0.015438 0.015445 0.015462 0.015469 0.015474 0.015482 0.015489 0.015491 0.015493 0.015498 0.0155 0.015533 0.01554 0.015551 0.015552 0.01556 0.015569 0.015572 0.015573 0.01559 0.015602 0.015622 0.015634 0.015635 0.015643 0.015646 0.015676 0.015677 0.015691 0.015698 0.015711 0.015733 0.015737 0.01574 0.015741 0.015742 0.015749 0.015753 0.015757 0.01576 0.015761 0.015772 0.015776 0.015805 0.015815 0.015843 0.015876 0.015887 0.015889 0.015896 0.015909 0.015914 0.015916 0.015917 0.015928 0.01593 0.015934 0.015936 0.015957 0.01596 0.015961 0.016003 0.016006 0.016007 0.016013 0.016021 0.016022 0.016037 0.016041 0.016045 0.01605 0.016069 0.016079 0.016089 0.016098 0.016105 0.01611 0.016128 0.016157 0.016163 0.016174 0.016196 0.016202 0.016215 0.016238 0.016264 0.01627 0.016271 0.016284 0.016288 0.016302 0.016321 0.01633 0.016351 0.016352 0.016354 0.016355 0.016356 0.016357 0.016412 0.016434 0.016438 0.016441 0.016444 0.016449 0.016452 0.016465 0.016466 0.016471 0.016481 0.016487 0.016509 0.01651 0.016512 0.016526 0.016527 0.016535 0.016538 0.016539 0.016548 0.016549 0.016551 0.016558 0.016593 0.0166 0.016605 0.016617 0.016618 0.016631 0.016637 0.016649 0.016675 0.016694 0.016725 0.016735 0.016767 0.016774 0.016779 0.016785 0.01681 0.01682 0.016826 0.016828 0.016843 0.016866 0.016868 0.016871 0.016886 0.016891 0.016914 0.016916 0.016917 0.016918 0.016933 0.016938 0.016942 0.016945 0.01695 0.016983 0.016992 0.017019 0.01702 0.017025 0.017032 0.017047 0.01706 0.017074 0.017086 0.017089 0.01709 0.017102 0.017121 0.017124 0.017144 0.017145 0.017154 0.017163 0.017172 0.017197 0.017222 0.017229 0.01723 0.01725 0.017251 0.017263 0.017269 0.017298 0.017303 0.017307 0.017308 0.017309 0.017334 0.017337 0.017345 0.017367 0.017369 0.017372 0.017383 0.01741 0.017421 0.017428 0.017432 0.017435 0.01744 0.017447 0.017448 0.017457 0.017463 0.017479 0.017483 0.017492 0.0175 0.017522 0.017533 0.017539 0.017548 0.017569 0.01758 0.017583 0.017606 0.017613 0.017614 0.017618 0.017627 0.017636 0.017644 0.017649 0.01765 0.017662 0.017669 0.017677 0.017683 0.017695 0.017702 0.017737 0.017743 0.017744 0.017745 0.017753 0.017756 0.017757 0.017764 0.017774 0.017777 0.017785 0.017798 0.017802 0.017814 0.017817 0.01782 0.017825 0.017827 0.01784 0.01785 0.017851 0.017868 0.017874 0.017876 0.017881 0.017916 0.017937 0.017949 0.017953 0.017956 0.017965 0.017992 0.018005 0.018008 0.01801 0.018021 0.01804 0.018046 0.01805 0.018055 0.018088 0.018094 0.018102 0.018118 0.018119 0.01813 0.018149 0.018162 0.018166 0.01817 0.018175 0.018184 0.018194 0.018199 0.01821 0.018227 0.018238 0.018245 0.018251 0.018255 0.018259 0.01826 0.018267 0.018281 0.018287 0.018288 0.018289 0.018313 0.018329 0.01833 0.018334 0.01835 0.018356 0.018373 0.018423 0.018426 0.018455 0.018456 0.01846 0.018462 0.0185 0.018507 0.01851 0.018511 0.018524 0.018533 0.01854 0.018554 0.018558 0.01857 0.018585 0.0186 0.018605 0.018618 0.018625 0.018631 0.018646 0.018651 0.018654 0.018655 0.018659 0.018666 0.01867 0.018677 0.018729 0.018765 0.018766 0.018791 0.018803 0.018817 0.018828 0.018835 0.018837 0.018838 0.018891 0.018936 0.018938 0.018944 0.018964 0.018969 0.018978 0.018989 0.018993 0.018995 0.019008 0.019015 0.01902 0.019021 0.019029 0.019039 0.019049 0.019066 0.019078 0.019089 0.019107 0.019111 0.019113 0.019116 0.019117 0.019122 0.019129 0.019153 0.019156 0.01916 0.019177 0.0192 0.019201 0.019205 0.019208 0.019214 0.019218 0.019278 0.019279 0.019283 0.019284 0.019287 0.019291 0.019297 0.01932 0.019324 0.019326 0.01933 0.019331 0.019338 0.019339 0.019344 0.019346 0.019348 0.019379 0.019396 0.019404 0.019411 0.01943 0.019447 0.019454 0.019463 0.019464 0.019469 0.019478 0.019481 0.019486 0.019491 0.019495 0.019499 0.01951 0.019515 0.019516 0.019518 0.01953 0.019538 0.019545 0.019546 0.01956 0.019561 0.019565 0.019568 0.019579 0.019583 0.019586 0.01959 0.019608 0.019633 0.01966 0.019679 0.019697 0.019709 0.019717 0.019729 0.019731 0.019745 0.019747 0.019757 0.019762 0.019765 0.019778 0.019783 0.019793 0.019797 0.019798 0.019812 0.019826 0.019861 0.019865 0.019899 0.019921 0.019925 0.019934 0.01997 0.019991 0.019996 0.019997 0.019999 0.020034 0.020036 0.020039 0.020046 0.020049 0.020051 0.020053 0.020059 0.020065 0.020077 0.020086 0.020093 0.0201 0.020108 0.020133 0.020137 0.02014 0.020141 0.020148 0.020185 0.020226 0.020227 0.02023 0.020232 0.020234 0.020239 0.020246 0.02025 0.020258 0.02026 0.020282 0.020283 0.020302 0.020337 0.020354 0.020357 0.020378 0.02038 0.020381 0.020392 0.020405 0.020408 0.020445 0.020457 0.020458 0.020459 0.020463 0.020467 0.020478 0.020479 0.020483 0.020517 0.020524 0.020537 0.020545 0.020553 0.020556 0.020563 0.020568 0.020574 0.020583 0.0206 0.020612 0.020624 0.020648 0.020651 0.020653 0.020669 0.020673 0.020675 0.020685 0.020691 0.020692 0.020694 0.02071 0.020716 0.020718 0.020722 0.020734 0.020741 0.020746 0.020755 0.020774 0.020786 0.020804 0.020805 0.020807 0.020811 0.020814 0.020822 0.020839 0.020844 0.020845 0.020857 0.020867 0.020876 0.020906 0.020916 0.02092 0.020944 0.020957 0.020958 0.020972 0.020982 0.020984 0.021013 0.021017 0.021021 0.021046 0.021049 0.021059 0.021078 0.021139 0.02115 0.021179 0.021192 0.021218 0.021232 0.021235 0.021247 0.021253 0.021255 0.021256 0.021258 0.021278 0.021287 0.0213 0.021307 0.02131 0.021314 0.021323 0.021347 0.021356 0.021376 0.021377 0.021383 0.021399 0.021411 0.021413 0.021416 0.021421 0.021425 0.021431 0.02145 0.021458 0.021478 0.021491 0.021515 0.021516 0.021539 0.02154 0.021544 0.021563 0.021564 0.021571 0.021582 0.021589 0.021595 0.021597 0.021609 0.021624 0.021631 0.021652 0.02169 0.021691 0.021695 0.021696 0.021703 0.021719 0.021721 0.021727 0.021732 0.02174 0.021746 0.021785 0.021794 0.021812 0.021816 0.021817 0.021824 0.021826 0.021831 0.021835 0.02185 0.021853 0.021858 0.021877 0.021881 0.021887 0.02189 0.021897 0.021899 0.021906 0.02191 0.021913 0.021919 0.021929 0.021933 0.021947 0.021975 0.021976 0.021987 0.022006 0.022008 0.022016 0.022025 0.022026 0.022029 0.02203 0.02204 0.022043 0.022056 0.022065 0.02207 0.022083 0.022086 0.022088 0.02209 0.022098 0.0221 0.022134 0.022154 0.022156 0.022157 0.022158 0.022173 0.022174 0.022194 0.022226 0.022227 0.022229 0.02223 0.022241 0.022247 0.022248 0.022249 0.022263 0.022269 0.022271 0.022278 0.022296 0.022302 0.022303 0.022327 0.022329 0.022333 0.022379 0.022383 0.022407 0.022411 0.022439 0.022468 0.022469 0.02247 0.022482 0.022488 0.022497 0.022498 0.022501 0.022515 0.022522 0.022528 0.022538 0.022539 0.022544 0.022552 0.022553 0.022557 0.022563 0.022587 0.022589 0.022592 0.022599 0.02262 0.022644 0.02265 0.022662 0.022723 0.022724 0.022725 0.022732 0.022767 0.02277 0.022775 0.022793 0.022802 0.022803 0.022804 0.022809 0.02283 0.022835 0.022855 0.022859 0.02286 0.022878 0.022883 0.022894 0.022933 0.022942 0.02295 0.022952 0.022954 0.02296 0.022992 0.022994 0.023009 0.023047 0.023065 0.02307 0.023079 0.02311 0.023118 0.023121 0.023124 0.023126 0.023127 0.02316 0.023163 0.023176 0.023179 0.023198 0.023207 0.023209 0.02322 0.023226 0.023238 0.02325 0.023261 0.023264 0.023269 0.023281 0.023283 0.023289 0.023293 0.023302 0.023303 0.023313 0.023317 0.02332 0.023328 0.023334 0.023335 0.023336 0.02334 0.023343 0.023352 0.023374 0.023381 0.023391 0.023413 0.02342 0.023427 0.023436 0.023438 0.023445 0.023448 0.02346 0.023465 0.023473 0.023474 0.023501 0.023502 0.023558 0.023584 0.023585 0.023598 0.023604 0.023608 0.023615 0.023621 0.023638 0.023661 0.023667 0.023673 0.023679 0.023684 0.023702 0.023716 0.023737 0.023738 0.023742 0.023759 0.023766 0.023769 0.023784 0.023785 0.023786 0.023793 0.0238 0.023804 0.023809 0.023819 0.02383 0.023834 0.023849 0.023863 0.023876 0.023888 0.023911 0.023917 0.023942 0.023953 0.023969 0.023988 0.023991 0.024002 0.024009 0.02401 0.024037 0.024041 0.024065 0.024102 0.02411 0.024111 0.024119 0.02413 0.02414 0.024142 0.024145 0.024167 0.024183 0.024189 0.024214 0.024215 0.024221 0.024231 0.024272 0.024274 0.024279 0.024281 0.024299 0.024301 0.024302 0.024316 0.024322 0.024331 0.024341 0.024344 0.024347 0.024358 0.024361 0.024362 0.024372 0.024382 0.024385 0.024387 0.024416 0.02443 0.024448 0.024449 0.024468 0.024469 0.024473 0.024475 0.024477 0.02448 0.024494 0.024495 0.024507 0.02452 0.02454 0.024549 0.024556 0.024558 0.024565 0.024569 0.024571 0.024582 0.024591 0.024594 0.024597 0.024608 0.024628 0.024629 0.024641 0.024642 0.024663 0.024668 0.024677 0.024707 0.024708 0.024713 0.024714 0.024724 0.024754 0.024756 0.024757 0.024763 0.024773 0.024777 0.024791 0.024797 0.024801 0.024817 0.024828 0.024831 0.024838 0.024844 0.024848 0.024856 0.024861 0.024865 0.024873 0.02489 0.024895 0.024898 0.024929 0.024934 0.024944 0.024945 0.024951 0.024955 0.024965 0.024971 0.024988 0.02499 0.024998
NbCan 500
DataFile Seq_1.4_Ech_3.dat
MaxIter 50000
ReType 1
